edge: (node#, node#) | cost (freeflow crossing time, e.g. [sec]) | safety value in range in the domain [0,...,1] | edge capacity [Max. No. of people that can pass through an edge per sec.] | not apt for evacuation for persons [person #]
******0******
******1******
(12, 13)	15	0.89	2	
(17, 16)	3	0.97	2	
(8, 13)	4	0.91	2	
(4, 9)	4	0.98	2	
(10, 9)	7	0.9	2	
(8, 6)	4	0.97	2	
(6, 3)	5	0.91	2	
(5, 3)	5	0.94	2	
(9, 6)	7	0.94	2	
(7, 5)	7	0.86	2	
(7, 8)	2	0.94	2	
(16, 14)	10	0.95	2	
(14, 12)	5	0.89	2	
(11, 10)	14	0.94	2	
(16, 15)	2	0.91	2	
(2, 4)	2	0.9	2	
(2, 3)	5	0.9	2	
(1, 2)	7	0.96	2	
(13, 16)	8	0.88	2	
******2******
(12, 13)	15	0.87	2	
(17, 16)	3	0.97	2	
(8, 13)	4	0.9	2	
(4, 9)	4	0.95	2	
(10, 9)	7	0.84	2	
(6, 3)	5	0.89	2	
(8, 6)	4	0.9	2	
(5, 3)	5	0.93	2	
(9, 6)	7	0.89	2	
(7, 5)	7	0.82	2	
(7, 8)	2	0.89	2	
(14, 12)	5	0.84	2	
(16, 14)	10	0.98	2	
(16, 15)	2	0.89	2	
(11, 10)	14	0.89	2	
(2, 4)	2	0.9	2	
(2, 3)	5	0.86	2	
(13, 16)	8	0.86	2	
(1, 2)	7	0.94	2	
******3******
(12, 13)	15	0.88	2	
(17, 16)	3	0.97	2	
(8, 13)	4	0.9	2	
(4, 9)	4	0.94	2	
(10, 9)	7	0.81	2	
(6, 3)	5	0.88	2	
(8, 6)	4	0.87	2	
(5, 3)	5	0.89	2	
(9, 6)	7	0.84	2	
(7, 5)	7	0.81	2	
(7, 8)	2	0.83	2	
(14, 12)	5	0.8	2	
(16, 14)	10	0.92	2	
(11, 10)	14	0.88	2	
(16, 15)	2	0.82	2	
(2, 4)	2	0.92	2	
(2, 3)	5	0.82	2	
(13, 16)	8	0.84	2	
(1, 2)	7	0.91	2	
******4******
(12, 13)	15	0.9	2	
(17, 16)	3	0.98	2	
(8, 13)	4	0.91	2	
(4, 9)	4	0.94	2	
(10, 9)	7	0.81	2	
(8, 6)	4	0.82	2	
(6, 3)	5	0.88	2	
(5, 3)	5	0.89	2	
(9, 6)	7	0.83	2	
(7, 5)	7	0.8	2	
(7, 8)	2	0.8	2	
(14, 12)	5	0.8	2	
(16, 14)	10	0.91	2	
(16, 15)	2	0.78	2	
(11, 10)	14	0.85	2	
(2, 4)	2	0.93	2	
(2, 3)	5	0.77	2	
(1, 2)	7	0.9	2	
(13, 16)	8	0.82	2	
******5******
(12, 13)	15	0.87	2	
(17, 16)	3	0.95	2	
(8, 13)	4	0.9	2	
(4, 9)	4	0.93	2	
(10, 9)	7	0.84	2	
(8, 6)	4	0.76	2	
(6, 3)	5	0.82	2	
(5, 3)	5	0.87	2	
(9, 6)	7	0.78	2	
(7, 5)	7	0.81	2	
(7, 8)	2	0.8	2	
(16, 14)	10	0.9	2	
(14, 12)	5	0.81	2	
(11, 10)	14	0.85	2	
(16, 15)	2	0.72	2	
(2, 4)	2	0.94	2	
(2, 3)	5	0.78	2	
(13, 16)	8	0.8	2	
(1, 2)	7	0.87	2	
******6******
(12, 13)	15	0.86	2	
(17, 16)	3	0.89	2	
(8, 13)	4	0.91	2	
(4, 9)	4	0.87	2	
(10, 9)	7	0.84	2	
(8, 6)	4	0.74	2	
(6, 3)	5	0.78	2	
(5, 3)	5	0.82	2	
(9, 6)	7	0.76	2	
(7, 5)	7	0.81	2	
(7, 8)	2	0.75	2	
(14, 12)	5	0.82	2	
(16, 14)	10	0.84	2	
(11, 10)	14	0.84	2	
(16, 15)	2	0.74	2	
(2, 4)	2	0.94	2	
(2, 3)	5	0.78	2	
(1, 2)	7	0.82	2	
(13, 16)	8	0.77	2	
******7******
(12, 13)	15	0.8	2	
(17, 16)	3	0.86	2	
(8, 13)	4	0.94	2	
(4, 9)	4	0.85	2	
(10, 9)	7	0.81	2	
(6, 3)	5	0.79	2	
(8, 6)	4	0.74	2	
(5, 3)	5	0.81	2	
(7, 5)	7	0.8	2	
(9, 6)	7	0.77	2	
(7, 8)	2	0.77	2	
(16, 14)	10	0.82	2	
(14, 12)	5	0.76	2	
(16, 15)	2	0.76	2	
(11, 10)	14	0.86	2	
(2, 4)	2	0.96	2	
(2, 3)	5	0.74	2	
(1, 2)	7	0.81	2	
(13, 16)	8	0.78	2	
******8******
(12, 13)	15	0.8	2	
(17, 16)	3	0.85	2	
(8, 13)	4	0.94	2	
(4, 9)	4	0.84	2	
(10, 9)	7	0.79	2	
(6, 3)	5	0.79	2	
(8, 6)	4	0.71	2	
(5, 3)	5	0.8	2	
(7, 5)	7	0.79	2	
(9, 6)	7	0.79	2	
(7, 8)	2	0.74	2	
(16, 14)	10	0.81	2	
(14, 12)	5	0.77	2	
(16, 15)	2	0.71	2	
(11, 10)	14	0.88	2	
(2, 4)	2	0.98	2	
(2, 3)	5	0.73	2	
(1, 2)	7	0.82	2	
(13, 16)	8	0.81	2	
******9******
(12, 13)	15	0.77	2	
(17, 16)	3	0.85	2	
(8, 13)	4	0.96	2	
(4, 9)	4	0.79	2	
(10, 9)	7	0.74	2	
(8, 6)	4	0.69	2	
(6, 3)	5	0.81	2	
(5, 3)	5	0.78	2	
(9, 6)	7	0.8	2	
(7, 5)	7	0.81	2	
(7, 8)	2	0.77	2	
(16, 14)	10	0.82	2	
(14, 12)	5	0.74	2	
(11, 10)	14	0.83	2	
(16, 15)	2	0.66	2	
(2, 4)	2	0.92	2	
(2, 3)	5	0.7	2	
(1, 2)	7	0.77	2	
(13, 16)	8	0.77	2	
******10******
(12, 13)	15	0.73	2	
(17, 16)	3	0.83	2	
(8, 13)	4	0.96	2	
(4, 9)	4	0.75	2	
(10, 9)	7	0.74	2	
(8, 6)	4	0.63	2	
(6, 3)	5	0.83	2	
(5, 3)	5	0.72	2	
(7, 5)	7	0.83	2	
(9, 6)	7	0.81	2	
(7, 8)	2	0.75	2	
(16, 14)	10	0.84	2	
(14, 12)	5	0.69	2	
(16, 15)	2	0.65	2	
(11, 10)	14	0.79	2	
(2, 4)	2	0.9	2	
(2, 3)	5	0.73	2	
(13, 16)	8	0.77	2	
(1, 2)	7	0.8	2	
******11******
(12, 13)	15	0.66	2	
(17, 16)	3	0.79	2	
(8, 13)	4	0.92	2	
(4, 9)	4	0.69	2	
(10, 9)	7	0.71	2	
(6, 3)	5	0.8	2	
(8, 6)	4	0.57	2	
(5, 3)	5	0.74	2	
(9, 6)	7	0.83	2	
(7, 5)	7	0.79	2	
(7, 8)	2	0.75	2	
(16, 14)	10	0.77	2	
(14, 12)	5	0.65	2	
(16, 15)	2	0.65	2	
(11, 10)	14	0.75	2	
(2, 4)	2	0.88	2	
(2, 3)	5	0.69	2	
(13, 16)	8	0.75	2	
(1, 2)	7	0.76	2	
******12******
(12, 13)	15	0.67	2	
(17, 16)	3	0.82	2	
(8, 13)	4	0.88	2	
(4, 9)	4	0.64	2	
(10, 9)	7	0.68	2	
(8, 6)	4	0.56	2	
(6, 3)	5	0.76	2	
(5, 3)	5	0.75	2	
(7, 5)	7	0.8	2	
(9, 6)	7	0.81	2	
(7, 8)	2	0.7	2	
(14, 12)	5	0.6	2	
(16, 14)	10	0.73	2	
(11, 10)	14	0.72	2	
(16, 15)	2	0.61	2	
(2, 4)	2	0.87	2	
(2, 3)	5	0.69	2	
(1, 2)	7	0.77	2	
(13, 16)	8	0.7	2	
******13******
(12, 13)	15	0.64	2	
(17, 16)	3	0.79	2	
(8, 13)	4	0.86	2	
(4, 9)	4	0.58	2	
(10, 9)	7	0.65	2	
(8, 6)	4	0.49	2	[ 1 2 ]
(6, 3)	5	0.78	2	
(5, 3)	5	0.76	2	
(9, 6)	7	0.8	2	
(7, 5)	7	0.8	2	
(7, 8)	2	0.66	2	
(14, 12)	5	0.57	2	
(16, 14)	10	0.71	2	
(11, 10)	14	0.75	2	
(16, 15)	2	0.63	2	
(2, 4)	2	0.87	2	
(2, 3)	5	0.66	2	
(13, 16)	8	0.7	2	
(1, 2)	7	0.72	2	
******14******
(12, 13)	15	0.59	2	
(17, 16)	3	0.81	2	
(8, 13)	4	0.81	2	
(4, 9)	4	0.59	2	
(10, 9)	7	0.6	2	
(6, 3)	5	0.79	2	
(8, 6)	4	0.44	2	[ 1 2 ]
(5, 3)	5	0.73	2	
(7, 5)	7	0.74	2	
(9, 6)	7	0.79	2	
(7, 8)	2	0.67	2	
(14, 12)	5	0.54	2	
(16, 14)	10	0.68	2	
(11, 10)	14	0.7	2	
(16, 15)	2	0.63	2	
(2, 4)	2	0.89	2	
(2, 3)	5	0.61	2	
(13, 16)	8	0.69	2	
(1, 2)	7	0.73	2	
******15******
(12, 13)	15	0.58	2	
(17, 16)	3	0.78	2	
(8, 13)	4	0.81	2	
(4, 9)	4	0.55	2	
(10, 9)	7	0.63	2	
(8, 6)	4	0.44	2	[ 1 2 ]
(6, 3)	5	0.77	2	
(5, 3)	5	0.74	2	
(9, 6)	7	0.75	2	
(7, 5)	7	0.74	2	
(7, 8)	2	0.68	2	
(14, 12)	5	0.49	2	[ 1 2 ]
(16, 14)	10	0.7	2	
(11, 10)	14	0.72	2	
(16, 15)	2	0.63	2	
(2, 4)	2	0.88	2	
(2, 3)	5	0.59	2	
(13, 16)	8	0.63	2	
(1, 2)	7	0.73	2	
******16******
(12, 13)	15	0.6	2	
(17, 16)	3	0.74	2	
(8, 13)	4	0.84	2	
(4, 9)	4	0.52	2	
(10, 9)	7	0.64	2	
(8, 6)	4	0.44	2	[ 1 2 ]
(6, 3)	5	0.78	2	
(5, 3)	5	0.76	2	
(7, 5)	7	0.71	2	
(9, 6)	7	0.69	2	
(7, 8)	2	0.64	2	
(16, 14)	10	0.65	2	
(14, 12)	5	0.45	2	[ 1 2 ]
(11, 10)	14	0.69	2	
(16, 15)	2	0.57	2	
(2, 4)	2	0.89	2	
(2, 3)	5	0.59	2	
(13, 16)	8	0.61	2	
(1, 2)	7	0.74	2	
******17******
(12, 13)	15	0.59	2	
(17, 16)	3	0.72	2	
(8, 13)	4	0.8	2	
(4, 9)	4	0.52	2	
(10, 9)	7	0.67	2	
(8, 6)	4	0.43	2	[ 1 2 ]
(6, 3)	5	0.78	2	
(5, 3)	5	0.77	2	
(9, 6)	7	0.68	2	
(7, 5)	7	0.7	2	
(7, 8)	2	0.58	2	
(16, 14)	10	0.61	2	
(14, 12)	5	0.41	2	[ 1 2 ]
(11, 10)	14	0.67	2	
(16, 15)	2	0.58	2	
(2, 4)	2	0.85	2	
(2, 3)	5	0.54	2	
(13, 16)	8	0.63	2	
(1, 2)	7	0.72	2	
******18******
(12, 13)	15	0.62	2	
(17, 16)	3	0.67	2	
(8, 13)	4	0.82	2	
(4, 9)	4	0.52	2	
(10, 9)	7	0.65	2	
(6, 3)	5	0.78	2	
(8, 6)	4	0.38	2	[ 1 2 ]
(5, 3)	5	0.75	2	
(7, 5)	7	0.7	2	
(9, 6)	7	0.7	2	
(7, 8)	2	0.6	2	
(14, 12)	5	0.38	2	[ 1 2 ]
(16, 14)	10	0.58	2	
(11, 10)	14	0.62	2	
(16, 15)	2	0.58	2	
(2, 4)	2	0.81	2	
(2, 3)	5	0.54	2	
(1, 2)	7	0.73	2	
(13, 16)	8	0.62	2	
******19******
(12, 13)	15	0.57	2	
(17, 16)	3	0.63	2	
(8, 13)	4	0.79	2	
(4, 9)	4	0.49	2	[ 1 2 ]
(10, 9)	7	0.64	2	
(8, 6)	4	0.32	2	[ 1 2 ]
(6, 3)	5	0.71	2	
(5, 3)	5	0.75	2	
(9, 6)	7	0.72	2	
(7, 5)	7	0.7	2	
(7, 8)	2	0.58	2	
(14, 12)	5	0.39	2	[ 1 2 ]
(16, 14)	10	0.54	2	
(11, 10)	14	0.57	2	
(16, 15)	2	0.57	2	
(2, 4)	2	0.82	2	
(2, 3)	5	0.51	2	
(13, 16)	8	0.58	2	
(1, 2)	7	0.72	2	
******20******
(12, 13)	15	0.52	2	
(17, 16)	3	0.64	2	
(8, 13)	4	0.76	2	
(4, 9)	4	0.5	2	[ 1 2 ]
(10, 9)	7	0.63	2	
(8, 6)	4	0.3	2	[ 1 2 ]
(6, 3)	5	0.7	2	
(5, 3)	5	0.75	2	
(9, 6)	7	0.68	2	
(7, 5)	7	0.66	2	
(7, 8)	2	0.58	2	
(14, 12)	5	0.34	2	[ 1 2 ]
(16, 14)	10	0.5	2	[ 1 2 ]
(16, 15)	2	0.54	2	
(11, 10)	14	0.59	2	
(2, 4)	2	0.81	2	
(2, 3)	5	0.48	2	[ 1 2 ]
(13, 16)	8	0.56	2	
(1, 2)	7	0.72	2	
******21******
(12, 13)	15	0.53	2	
(17, 16)	3	0.6	2	
(8, 13)	4	0.71	2	
(4, 9)	4	0.49	2	[ 1 2 ]
(10, 9)	7	0.62	2	
(8, 6)	4	0.32	2	[ 1 2 ]
(6, 3)	5	0.67	2	
(5, 3)	5	0.76	2	
(7, 5)	7	0.61	2	
(9, 6)	7	0.66	2	
(7, 8)	2	0.55	2	
(14, 12)	5	0.29	2	[ 1 2 ]
(16, 14)	10	0.48	2	[ 1 2 ]
(11, 10)	14	0.56	2	
(16, 15)	2	0.51	2	
(2, 4)	2	0.81	2	
(2, 3)	5	0.41	2	[ 1 2 ]
(1, 2)	7	0.7	2	
(13, 16)	8	0.54	2	
******22******
(12, 13)	15	0.48	2	[ 1 2 ]
(17, 16)	3	0.56	2	
(8, 13)	4	0.69	2	
(4, 9)	4	0.44	2	[ 1 2 ]
(10, 9)	7	0.63	2	
(8, 6)	4	0.3	2	[ 1 2 ]
(6, 3)	5	0.61	2	
(5, 3)	5	0.75	2	
(7, 5)	7	0.61	2	
(9, 6)	7	0.66	2	
(7, 8)	2	0.52	2	
(14, 12)	5	0.32	2	[ 1 2 ]
(16, 14)	10	0.47	2	[ 1 2 ]
(11, 10)	14	0.52	2	
(16, 15)	2	0.49	2	[ 1 2 ]
(2, 4)	2	0.76	2	
(2, 3)	5	0.43	2	[ 1 2 ]
(13, 16)	8	0.5	2	[ 1 2 ]
(1, 2)	7	0.72	2	
******23******
(12, 13)	15	0.5	2	[ 1 2 ]
(17, 16)	3	0.56	2	
(8, 13)	4	0.62	2	
(4, 9)	4	0.44	2	[ 1 2 ]
(10, 9)	7	0.62	2	
(6, 3)	5	0.57	2	
(8, 6)	4	0.28	2	[ 1 2 ]
(5, 3)	5	0.71	2	
(7, 5)	7	0.56	2	
(9, 6)	7	0.6	2	
(7, 8)	2	0.5	2	[ 1 2 ]
(14, 12)	5	0.32	2	[ 1 2 ]
(16, 14)	10	0.48	2	[ 1 2 ]
(11, 10)	14	0.47	2	[ 1 2 ]
(16, 15)	2	0.47	2	[ 1 2 ]
(2, 4)	2	0.78	2	
(2, 3)	5	0.44	2	[ 1 2 ]
(1, 2)	7	0.66	2	
(13, 16)	8	0.44	2	[ 1 2 ]
******24******
(12, 13)	15	0.5	2	[ 1 2 ]
(17, 16)	3	0.51	2	
(8, 13)	4	0.65	2	
(4, 9)	4	0.45	2	[ 1 2 ]
(10, 9)	7	0.61	2	
(6, 3)	5	0.56	2	
(8, 6)	4	0.29	2	[ 1 2 ]
(5, 3)	5	0.69	2	
(7, 5)	7	0.54	2	
(9, 6)	7	0.55	2	
(7, 8)	2	0.53	2	
(14, 12)	5	0.26	2	[ 1 2 ]
(16, 14)	10	0.47	2	[ 1 2 ]
(16, 15)	2	0.49	2	[ 1 2 ]
(11, 10)	14	0.44	2	[ 1 2 ]
(2, 4)	2	0.76	2	
(2, 3)	5	0.44	2	[ 1 2 ]
(1, 2)	7	0.61	2	
(13, 16)	8	0.37	2	[ 1 2 ]
******25******
(12, 13)	15	0.48	2	[ 1 2 ]
(17, 16)	3	0.47	2	[ 1 2 ]
(8, 13)	4	0.65	2	
(4, 9)	4	0.41	2	[ 1 2 ]
(10, 9)	7	0.55	2	
(6, 3)	5	0.54	2	
(8, 6)	4	0.27	2	[ 1 2 ]
(5, 3)	5	0.66	2	
(7, 5)	7	0.52	2	
(9, 6)	7	0.54	2	
(7, 8)	2	0.48	2	[ 1 2 ]
(14, 12)	5	0.28	2	[ 1 2 ]
(16, 14)	10	0.47	2	[ 1 2 ]
(16, 15)	2	0.48	2	[ 1 2 ]
(11, 10)	14	0.44	2	[ 1 2 ]
(2, 4)	2	0.73	2	
(2, 3)	5	0.46	2	[ 1 2 ]
(1, 2)	7	0.62	2	
(13, 16)	8	0.39	2	[ 1 2 ]
******26******
(12, 13)	15	0.51	2	
(17, 16)	3	0.41	2	[ 1 2 ]
(8, 13)	4	0.65	2	
(4, 9)	4	0.39	2	[ 1 2 ]
(10, 9)	7	0.51	2	
(6, 3)	5	0.48	2	[ 1 2 ]
(8, 6)	4	0.21	2	[ 1 2 ]
(5, 3)	5	0.67	2	
(7, 5)	7	0.49	2	[ 1 2 ]
(9, 6)	7	0.49	2	[ 1 2 ]
(7, 8)	2	0.44	2	[ 1 2 ]
(14, 12)	5	0.22	2	[ 1 2 ]
(16, 14)	10	0.49	2	[ 1 2 ]
(16, 15)	2	0.45	2	[ 1 2 ]
(11, 10)	14	0.44	2	[ 1 2 ]
(2, 4)	2	0.69	2	
(2, 3)	5	0.45	2	[ 1 2 ]
(1, 2)	7	0.56	2	
(13, 16)	8	0.34	2	[ 1 2 ]
******27******
(12, 13)	15	0.49	2	[ 1 2 ]
(17, 16)	3	0.38	2	[ 1 2 ]
(8, 13)	4	0.61	2	
(4, 9)	4	0.34	2	[ 1 2 ]
(10, 9)	7	0.45	2	[ 1 2 ]
(8, 6)	4	0.18	2	[ 1 2 ]
(6, 3)	5	0.49	2	[ 1 2 ]
(5, 3)	5	0.62	2	
(7, 5)	7	0.49	2	[ 1 2 ]
(9, 6)	7	0.46	2	[ 1 2 ]
(7, 8)	2	0.43	2	[ 1 2 ]
(14, 12)	5	0.18	2	[ 1 2 ]
(16, 14)	10	0.47	2	[ 1 2 ]
(16, 15)	2	0.45	2	[ 1 2 ]
(11, 10)	14	0.42	2	[ 1 2 ]
(2, 4)	2	0.68	2	
(2, 3)	5	0.45	2	[ 1 2 ]
(1, 2)	7	0.58	2	
(13, 16)	8	0.3	2	[ 1 2 ]
******28******
(12, 13)	15	0.48	2	[ 1 2 ]
(17, 16)	3	0.39	2	[ 1 2 ]
(8, 13)	4	0.56	2	
(4, 9)	4	0.34	2	[ 1 2 ]
(10, 9)	7	0.46	2	[ 1 2 ]
(8, 6)	4	0.18	2	[ 1 2 ]
(6, 3)	5	0.47	2	[ 1 2 ]
(5, 3)	5	0.63	2	
(7, 5)	7	0.52	2	
(9, 6)	7	0.41	2	[ 1 2 ]
(7, 8)	2	0.37	2	[ 1 2 ]
(16, 14)	10	0.47	2	[ 1 2 ]
(14, 12)	5	0.2	2	[ 1 2 ]
(11, 10)	14	0.43	2	[ 1 2 ]
(16, 15)	2	0.46	2	[ 1 2 ]
(2, 4)	2	0.66	2	
(2, 3)	5	0.47	2	[ 1 2 ]
(1, 2)	7	0.58	2	
(13, 16)	8	0.23	2	[ 1 2 ]
******29******
(12, 13)	15	0.48	2	[ 1 2 ]
(17, 16)	3	0.37	2	[ 1 2 ]
(8, 13)	4	0.54	2	
(4, 9)	4	0.3	2	[ 1 2 ]
(10, 9)	7	0.42	2	[ 1 2 ]
(6, 3)	5	0.43	2	[ 1 2 ]
(8, 6)	4	0.15	2	[ 1 2 ]
(5, 3)	5	0.65	2	
(7, 5)	7	0.48	2	[ 1 2 ]
(9, 6)	7	0.43	2	[ 1 2 ]
(7, 8)	2	0.34	2	[ 1 2 ]
(16, 14)	10	0.43	2	[ 1 2 ]
(14, 12)	5	0.14	2	[ 1 2 ]
(11, 10)	14	0.43	2	[ 1 2 ]
(16, 15)	2	0.42	2	[ 1 2 ]
(2, 4)	2	0.68	2	
(2, 3)	5	0.48	2	[ 1 2 ]
(13, 16)	8	0.21	2	[ 1 2 ]
(1, 2)	7	0.6	2	
******30******
(12, 13)	15	0.5	2	[ 1 2 ]
(17, 16)	3	0.37	2	[ 1 2 ]
(8, 13)	4	0.53	2	
(4, 9)	4	0.29	2	[ 1 2 ]
(10, 9)	7	0.42	2	[ 1 2 ]
(6, 3)	5	0.46	2	[ 1 2 ]
(8, 6)	4	0.1	2	[ 1 2 ]
(5, 3)	5	0.64	2	
(9, 6)	7	0.4	2	[ 1 2 ]
(7, 5)	7	0.43	2	[ 1 2 ]
(7, 8)	2	0.35	2	[ 1 2 ]
(16, 14)	10	0.36	2	[ 1 2 ]
(14, 12)	5	0.13	2	[ 1 2 ]
(11, 10)	14	0.4	2	[ 1 2 ]
(16, 15)	2	0.43	2	[ 1 2 ]
(2, 4)	2	0.62	2	
(2, 3)	5	0.44	2	[ 1 2 ]
(13, 16)	8	0.21	2	[ 1 2 ]
(1, 2)	7	0.61	2	
******31******
(12, 13)	15	0.47	2	[ 1 2 ]
(17, 16)	3	0.38	2	[ 1 2 ]
(8, 13)	4	0.48	2	[ 1 2 ]
(4, 9)	4	0.23	2	[ 1 2 ]
(10, 9)	7	0.41	2	[ 1 2 ]
(8, 6)	4	0.04	2	[ 1 2 ]
(6, 3)	5	0.41	2	[ 1 2 ]
(5, 3)	5	0.58	2	
(9, 6)	7	0.37	2	[ 1 2 ]
(7, 5)	7	0.42	2	[ 1 2 ]
(7, 8)	2	0.3	2	[ 1 2 ]
(16, 14)	10	0.33	2	[ 1 2 ]
(14, 12)	5	0.12	2	[ 1 2 ]
(11, 10)	14	0.38	2	[ 1 2 ]
(16, 15)	2	0.45	2	[ 1 2 ]
(2, 4)	2	0.64	2	
(2, 3)	5	0.38	2	[ 1 2 ]
(1, 2)	7	0.59	2	
(13, 16)	8	0.2	2	[ 1 2 ]
******32******
(12, 13)	15	0.48	2	[ 1 2 ]
(17, 16)	3	0.36	2	[ 1 2 ]
(8, 13)	4	0.48	2	[ 1 2 ]
(4, 9)	4	0.23	2	[ 1 2 ]
(10, 9)	7	0.35	2	[ 1 2 ]
(6, 3)	5	0.37	2	[ 1 2 ]
(8, 6)	4	0.0	2	[ 1 2 ]
(5, 3)	5	0.54	2	
(7, 5)	7	0.38	2	[ 1 2 ]
(9, 6)	7	0.3	2	[ 1 2 ]
(7, 8)	2	0.26	2	[ 1 2 ]
(14, 12)	5	0.1	2	[ 1 2 ]
(16, 14)	10	0.35	2	[ 1 2 ]
(16, 15)	2	0.42	2	[ 1 2 ]
(11, 10)	14	0.36	2	[ 1 2 ]
(2, 4)	2	0.59	2	
(2, 3)	5	0.37	2	[ 1 2 ]
(1, 2)	7	0.55	2	
(13, 16)	8	0.2	2	[ 1 2 ]
******33******
(12, 13)	15	0.47	2	[ 1 2 ]
(17, 16)	3	0.32	2	[ 1 2 ]
(8, 13)	4	0.43	2	[ 1 2 ]
(4, 9)	4	0.24	2	[ 1 2 ]
(10, 9)	7	0.34	2	[ 1 2 ]
(6, 3)	5	0.38	2	[ 1 2 ]
(8, 6)	4	0.0	2	[ 1 2 ]
(5, 3)	5	0.57	2	
(9, 6)	7	0.29	2	[ 1 2 ]
(7, 5)	7	0.38	2	[ 1 2 ]
(7, 8)	2	0.25	2	[ 1 2 ]
(14, 12)	5	0.05	2	[ 1 2 ]
(16, 14)	10	0.32	2	[ 1 2 ]
(16, 15)	2	0.4	2	[ 1 2 ]
(11, 10)	14	0.32	2	[ 1 2 ]
(2, 4)	2	0.58	2	
(2, 3)	5	0.34	2	[ 1 2 ]
(1, 2)	7	0.52	2	
(13, 16)	8	0.2	2	[ 1 2 ]
******34******
(12, 13)	15	0.46	2	[ 1 2 ]
(17, 16)	3	0.35	2	[ 1 2 ]
(8, 13)	4	0.42	2	[ 1 2 ]
(4, 9)	4	0.25	2	[ 1 2 ]
(10, 9)	7	0.34	2	[ 1 2 ]
(8, 6)	4	0.02	2	[ 1 2 ]
(6, 3)	5	0.33	2	[ 1 2 ]
(5, 3)	5	0.57	2	
(9, 6)	7	0.27	2	[ 1 2 ]
(7, 5)	7	0.34	2	[ 1 2 ]
(7, 8)	2	0.19	2	[ 1 2 ]
(14, 12)	5	0.03	2	[ 1 2 ]
(16, 14)	10	0.34	2	[ 1 2 ]
(11, 10)	14	0.27	2	[ 1 2 ]
(16, 15)	2	0.34	2	[ 1 2 ]
(2, 4)	2	0.54	2	
(2, 3)	5	0.3	2	[ 1 2 ]
(1, 2)	7	0.53	2	
(13, 16)	8	0.18	2	[ 1 2 ]
******35******
(12, 13)	15	0.47	2	[ 1 2 ]
(17, 16)	3	0.34	2	[ 1 2 ]
(8, 13)	4	0.36	2	[ 1 2 ]
(4, 9)	4	0.27	2	[ 1 2 ]
(10, 9)	7	0.31	2	[ 1 2 ]
(6, 3)	5	0.34	2	[ 1 2 ]
(8, 6)	4	0.0	2	[ 1 2 ]
(5, 3)	5	0.56	2	
(9, 6)	7	0.24	2	[ 1 2 ]
(7, 5)	7	0.34	2	[ 1 2 ]
(7, 8)	2	0.15	2	[ 1 2 ]
(16, 14)	10	0.29	2	[ 1 2 ]
(14, 12)	5	0.0	2	[ 1 2 ]
(11, 10)	14	0.29	2	[ 1 2 ]
(16, 15)	2	0.34	2	[ 1 2 ]
(2, 4)	2	0.55	2	
(2, 3)	5	0.27	2	[ 1 2 ]
(13, 16)	8	0.19	2	[ 1 2 ]
(1, 2)	7	0.52	2	
******36******
(12, 13)	15	0.45	2	[ 1 2 ]
(17, 16)	3	0.29	2	[ 1 2 ]
(8, 13)	4	0.3	2	[ 1 2 ]
(4, 9)	4	0.22	2	[ 1 2 ]
(10, 9)	7	0.28	2	[ 1 2 ]
(6, 3)	5	0.3	2	[ 1 2 ]
(8, 6)	4	0.0	2	[ 1 2 ]
(5, 3)	5	0.52	2	
(7, 5)	7	0.3	2	[ 1 2 ]
(9, 6)	7	0.27	2	[ 1 2 ]
(7, 8)	2	0.13	2	[ 1 2 ]
(14, 12)	5	0.0	2	[ 1 2 ]
(16, 14)	10	0.3	2	[ 1 2 ]
(11, 10)	14	0.23	2	[ 1 2 ]
(16, 15)	2	0.34	2	[ 1 2 ]
(2, 4)	2	0.49	2	[ 1 2 ]
(2, 3)	5	0.24	2	[ 1 2 ]
(1, 2)	7	0.47	2	[ 1 2 ]
(13, 16)	8	0.17	2	[ 1 2 ]
******37******
(12, 13)	15	0.45	2	[ 1 2 ]
(17, 16)	3	0.22	2	[ 1 2 ]
(8, 13)	4	0.32	2	[ 1 2 ]
(4, 9)	4	0.21	2	[ 1 2 ]
(10, 9)	7	0.27	2	[ 1 2 ]
(8, 6)	4	0.0	2	[ 1 2 ]
(6, 3)	5	0.25	2	[ 1 2 ]
(5, 3)	5	0.51	2	
(9, 6)	7	0.26	2	[ 1 2 ]
(7, 5)	7	0.27	2	[ 1 2 ]
(7, 8)	2	0.1	2	[ 1 2 ]
(14, 12)	5	0.03	2	[ 1 2 ]
(16, 14)	10	0.29	2	[ 1 2 ]
(11, 10)	14	0.17	2	[ 1 2 ]
(16, 15)	2	0.34	2	[ 1 2 ]
(2, 4)	2	0.47	2	[ 1 2 ]
(2, 3)	5	0.25	2	[ 1 2 ]
(13, 16)	8	0.13	2	[ 1 2 ]
(1, 2)	7	0.41	2	[ 1 2 ]
******38******
(12, 13)	15	0.4	2	[ 1 2 ]
(17, 16)	3	0.16	2	[ 1 2 ]
(8, 13)	4	0.27	2	[ 1 2 ]
(4, 9)	4	0.2	2	[ 1 2 ]
(10, 9)	7	0.22	2	[ 1 2 ]
(6, 3)	5	0.24	2	[ 1 2 ]
(8, 6)	4	0.01	2	[ 1 2 ]
(5, 3)	5	0.5	2	[ 1 2 ]
(7, 5)	7	0.26	2	[ 1 2 ]
(9, 6)	7	0.28	2	[ 1 2 ]
(7, 8)	2	0.07	2	[ 1 2 ]
(14, 12)	5	0.01	2	[ 1 2 ]
(16, 14)	10	0.32	2	[ 1 2 ]
(16, 15)	2	0.36	2	[ 1 2 ]
(11, 10)	14	0.12	2	[ 1 2 ]
(2, 4)	2	0.42	2	[ 1 2 ]
(2, 3)	5	0.2	2	[ 1 2 ]
(13, 16)	8	0.13	2	[ 1 2 ]
(1, 2)	7	0.41	2	[ 1 2 ]
