edge: (node#, node#) | cost (freeflow crossing time, e.g. [sec]) | safety value in range in the domain [0,...,1] | edge capacity [Max. No. of people that can pass through an edge per sec.] | not apt for evacuation for persons [person #]


****** 0 ******


****** 1 ******
(12, 13)	15	0.89	2	[ ]
(17, 16)	3	0.89	2	[ ]
(8, 13)	4	0.89	2	[ ]
(4, 9)	4	0.89	2	[ ]
(10, 9)	7	0.89	2	[ ]
(8, 6)	4	0.89	2	[ ]
(6, 3)	5	0.89	2	[ ]
(5, 3)	5	0.89	2	[ ]
(9, 6)	7	0.89	2	[ ]
(7, 5)	7	0.89	2	[ ]
(7, 8)	2	0.89	2	[ ]
(14, 12)	5	0.89	2	[ ]
(16, 14)	10	0.89	2	[ ]
(16, 15)	2	0.89	2	[ ]
(11, 10)	14	0.89	2	[ ]
(2, 4)	2	0.89	2	[ ]
(2, 3)	5	0.89	2	[ ]
(1, 2)	7	0.89	2	[ ]
(13, 16)	8	0.89	2	[ ]


****** 2 ******
(12, 13)	15	0.85	2	[ ]
(17, 16)	3	0.85	2	[ ]
(8, 13)	4	0.85	2	[ ]
(4, 9)	4	0.85	2	[ ]
(10, 9)	7	0.85	2	[ ]
(8, 6)	4	0.85	2	[ ]
(6, 3)	5	0.85	2	[ ]
(5, 3)	5	0.85	2	[ ]
(7, 5)	7	0.85	2	[ ]
(9, 6)	7	0.85	2	[ ]
(7, 8)	2	0.85	2	[ ]
(16, 14)	10	0.85	2	[ ]
(14, 12)	5	0.85	2	[ ]
(16, 15)	2	0.85	2	[ ]
(11, 10)	14	0.85	2	[ ]
(2, 4)	2	0.85	2	[ ]
(2, 3)	5	0.85	2	[ ]
(13, 16)	8	0.85	2	[ ]
(1, 2)	7	0.85	2	[ ]


****** 3 ******
(12, 13)	15	0.81	2	[ ]
(17, 16)	3	0.81	2	[ ]
(8, 13)	4	0.81	2	[ ]
(4, 9)	4	0.81	2	[ ]
(10, 9)	7	0.81	2	[ ]
(8, 6)	4	0.81	2	[ ]
(6, 3)	5	0.81	2	[ ]
(5, 3)	5	0.81	2	[ ]
(7, 5)	7	0.81	2	[ ]
(9, 6)	7	0.81	2	[ ]
(7, 8)	2	0.81	2	[ ]
(16, 14)	10	0.81	2	[ ]
(14, 12)	5	0.81	2	[ ]
(11, 10)	14	0.81	2	[ ]
(16, 15)	2	0.81	2	[ ]
(2, 4)	2	0.81	2	[ ]
(2, 3)	5	0.81	2	[ ]
(1, 2)	7	0.81	2	[ ]
(13, 16)	8	0.81	2	[ ]


****** 4 ******
(12, 13)	15	0.77	2	[ ]
(17, 16)	3	0.77	2	[ ]
(8, 13)	4	0.77	2	[ ]
(4, 9)	4	0.77	2	[ ]
(10, 9)	7	0.77	2	[ ]
(8, 6)	4	0.77	2	[ ]
(6, 3)	5	0.77	2	[ ]
(5, 3)	5	0.77	2	[ ]
(9, 6)	7	0.77	2	[ ]
(7, 5)	7	0.77	2	[ ]
(7, 8)	2	0.77	2	[ ]
(16, 14)	10	0.77	2	[ ]
(14, 12)	5	0.77	2	[ ]
(11, 10)	14	0.77	2	[ ]
(16, 15)	2	0.77	2	[ ]
(2, 4)	2	0.77	2	[ ]
(2, 3)	5	0.77	2	[ ]
(1, 2)	7	0.77	2	[ ]
(13, 16)	8	0.77	2	[ ]


****** 5 ******
(12, 13)	15	0.73	2	[ ]
(17, 16)	3	0.73	2	[ ]
(8, 13)	4	0.73	2	[ ]
(4, 9)	4	0.73	2	[ ]
(10, 9)	7	0.73	2	[ ]
(8, 6)	4	0.73	2	[ ]
(6, 3)	5	0.73	2	[ ]
(5, 3)	5	0.73	2	[ ]
(7, 5)	7	0.73	2	[ ]
(9, 6)	7	0.73	2	[ ]
(7, 8)	2	0.73	2	[ ]
(14, 12)	5	0.73	2	[ ]
(16, 14)	10	0.73	2	[ ]
(11, 10)	14	0.73	2	[ ]
(16, 15)	2	0.73	2	[ ]
(2, 4)	2	0.73	2	[ ]
(2, 3)	5	0.73	2	[ ]
(1, 2)	7	0.73	2	[ ]
(13, 16)	8	0.73	2	[ ]


****** 6 ******
(12, 13)	15	0.69	2	[ ]
(17, 16)	3	0.69	2	[ ]
(8, 13)	4	0.69	2	[ ]
(4, 9)	4	0.69	2	[ ]
(10, 9)	7	0.69	2	[ ]
(6, 3)	5	0.69	2	[ ]
(8, 6)	4	0.69	2	[ ]
(5, 3)	5	0.69	2	[ ]
(7, 5)	7	0.69	2	[ ]
(9, 6)	7	0.69	2	[ ]
(7, 8)	2	0.69	2	[ ]
(16, 14)	10	0.69	2	[ ]
(14, 12)	5	0.69	2	[ ]
(16, 15)	2	0.69	2	[ ]
(11, 10)	14	0.69	2	[ ]
(2, 4)	2	0.69	2	[ ]
(2, 3)	5	0.69	2	[ ]
(13, 16)	8	0.69	2	[ ]
(1, 2)	7	0.69	2	[ ]


****** 7 ******
(12, 13)	15	0.65	2	[ ]
(17, 16)	3	0.65	2	[ ]
(8, 13)	4	0.65	2	[ ]
(4, 9)	4	0.65	2	[ ]
(10, 9)	7	0.65	2	[ ]
(6, 3)	5	0.65	2	[ ]
(8, 6)	4	0.65	2	[ ]
(5, 3)	5	0.65	2	[ ]
(9, 6)	7	0.65	2	[ ]
(7, 5)	7	0.65	2	[ ]
(7, 8)	2	0.65	2	[ ]
(16, 14)	10	0.65	2	[ ]
(14, 12)	5	0.65	2	[ ]
(11, 10)	14	0.65	2	[ ]
(16, 15)	2	0.65	2	[ ]
(2, 4)	2	0.65	2	[ ]
(2, 3)	5	0.65	2	[ ]
(13, 16)	8	0.65	2	[ ]
(1, 2)	7	0.65	2	[ ]


****** 8 ******
(12, 13)	15	0.61	2	[ ]
(17, 16)	3	0.61	2	[ ]
(8, 13)	4	0.61	2	[ ]
(4, 9)	4	0.61	2	[ ]
(10, 9)	7	0.61	2	[ ]
(8, 6)	4	0.61	2	[ ]
(6, 3)	5	0.61	2	[ ]
(5, 3)	5	0.61	2	[ ]
(7, 5)	7	0.61	2	[ ]
(9, 6)	7	0.61	2	[ ]
(7, 8)	2	0.61	2	[ ]
(14, 12)	5	0.61	2	[ ]
(16, 14)	10	0.61	2	[ ]
(11, 10)	14	0.61	2	[ ]
(16, 15)	2	0.61	2	[ ]
(2, 4)	2	0.61	2	[ ]
(2, 3)	5	0.61	2	[ ]
(13, 16)	8	0.61	2	[ ]
(1, 2)	7	0.61	2	[ ]


****** 9 ******
(12, 13)	15	0.57	2	[ ]
(17, 16)	3	0.57	2	[ ]
(8, 13)	4	0.57	2	[ ]
(4, 9)	4	0.57	2	[ ]
(10, 9)	7	0.57	2	[ ]
(6, 3)	5	0.57	2	[ ]
(8, 6)	4	0.57	2	[ ]
(5, 3)	5	0.57	2	[ ]
(9, 6)	7	0.57	2	[ ]
(7, 5)	7	0.57	2	[ ]
(7, 8)	2	0.57	2	[ ]
(14, 12)	5	0.57	2	[ ]
(16, 14)	10	0.57	2	[ ]
(11, 10)	14	0.57	2	[ ]
(16, 15)	2	0.57	2	[ ]
(2, 4)	2	0.57	2	[ ]
(2, 3)	5	0.57	2	[ ]
(1, 2)	7	0.57	2	[ ]
(13, 16)	8	0.57	2	[ ]


****** 10 ******
(12, 13)	15	0.52	2	[ ]
(17, 16)	3	0.52	2	[ ]
(8, 13)	4	0.52	2	[ ]
(4, 9)	4	0.52	2	[ ]
(10, 9)	7	0.52	2	[ ]
(8, 6)	4	0.52	2	[ ]
(6, 3)	5	0.52	2	[ ]
(5, 3)	5	0.52	2	[ ]
(7, 5)	7	0.52	2	[ ]
(9, 6)	7	0.52	2	[ ]
(7, 8)	2	0.52	2	[ ]
(16, 14)	10	0.52	2	[ ]
(14, 12)	5	0.52	2	[ ]
(16, 15)	2	0.52	2	[ ]
(11, 10)	14	0.52	2	[ ]
(2, 4)	2	0.52	2	[ ]
(2, 3)	5	0.52	2	[ ]
(13, 16)	8	0.52	2	[ ]
(1, 2)	7	0.52	2	[ ]


****** 11 ******
(12, 13)	15	0.48	2	[ 1 2 ]
(17, 16)	3	0.48	2	[ 1 2 ]
(8, 13)	4	0.48	2	[ 1 2 ]
(4, 9)	4	0.48	2	[ 1 2 ]
(10, 9)	7	0.48	2	[ 1 2 ]
(6, 3)	5	0.48	2	[ 1 2 ]
(8, 6)	4	0.48	2	[ 1 2 ]
(5, 3)	5	0.48	2	[ 1 2 ]
(9, 6)	7	0.48	2	[ 1 2 ]
(7, 5)	7	0.48	2	[ 1 2 ]
(7, 8)	2	0.48	2	[ 1 2 ]
(14, 12)	5	0.48	2	[ 1 2 ]
(16, 14)	10	0.48	2	[ 1 2 ]
(16, 15)	2	0.48	2	[ 1 2 ]
(11, 10)	14	0.48	2	[ 1 2 ]
(2, 4)	2	0.48	2	[ 1 2 ]
(2, 3)	5	0.48	2	[ 1 2 ]
(1, 2)	7	0.48	2	[ 1 2 ]
(13, 16)	8	0.48	2	[ 1 2 ]


****** 0 ******


****** 1 ******
(12, 13)	15	0.89	2	[ ]
(17, 16)	3	0.89	2	[ ]
(8, 13)	4	0.89	2	[ ]
(4, 9)	4	0.89	2	[ ]
(10, 9)	7	0.89	2	[ ]
(8, 6)	4	0.89	2	[ ]
(6, 3)	5	0.89	2	[ ]
(5, 3)	5	0.89	2	[ ]
(9, 6)	7	0.89	2	[ ]
(7, 5)	7	0.89	2	[ ]
(7, 8)	2	0.89	2	[ ]
(14, 12)	5	0.89	2	[ ]
(16, 14)	10	0.89	2	[ ]
(16, 15)	2	0.89	2	[ ]
(11, 10)	14	0.89	2	[ ]
(2, 4)	2	0.89	2	[ ]
(2, 3)	5	0.89	2	[ ]
(1, 2)	7	0.89	2	[ ]
(13, 16)	8	0.89	2	[ ]


****** 2 ******
(12, 13)	15	0.85	2	[ ]
(17, 16)	3	0.85	2	[ ]
(8, 13)	4	0.85	2	[ ]
(4, 9)	4	0.85	2	[ ]
(10, 9)	7	0.85	2	[ ]
(8, 6)	4	0.85	2	[ ]
(6, 3)	5	0.85	2	[ ]
(5, 3)	5	0.85	2	[ ]
(7, 5)	7	0.85	2	[ ]
(9, 6)	7	0.85	2	[ ]
(7, 8)	2	0.85	2	[ ]
(16, 14)	10	0.85	2	[ ]
(14, 12)	5	0.85	2	[ ]
(16, 15)	2	0.85	2	[ ]
(11, 10)	14	0.85	2	[ ]
(2, 4)	2	0.85	2	[ ]
(2, 3)	5	0.85	2	[ ]
(13, 16)	8	0.85	2	[ ]
(1, 2)	7	0.85	2	[ ]


****** 3 ******
(12, 13)	15	0.81	2	[ ]
(17, 16)	3	0.81	2	[ ]
(8, 13)	4	0.81	2	[ ]
(4, 9)	4	0.81	2	[ ]
(10, 9)	7	0.81	2	[ ]
(8, 6)	4	0.81	2	[ ]
(6, 3)	5	0.81	2	[ ]
(5, 3)	5	0.81	2	[ ]
(7, 5)	7	0.81	2	[ ]
(9, 6)	7	0.81	2	[ ]
(7, 8)	2	0.81	2	[ ]
(16, 14)	10	0.81	2	[ ]
(14, 12)	5	0.81	2	[ ]
(11, 10)	14	0.81	2	[ ]
(16, 15)	2	0.81	2	[ ]
(2, 4)	2	0.81	2	[ ]
(2, 3)	5	0.81	2	[ ]
(1, 2)	7	0.81	2	[ ]
(13, 16)	8	0.81	2	[ ]


****** 4 ******
(12, 13)	15	0.77	2	[ ]
(17, 16)	3	0.77	2	[ ]
(8, 13)	4	0.77	2	[ ]
(4, 9)	4	0.77	2	[ ]
(10, 9)	7	0.77	2	[ ]
(8, 6)	4	0.77	2	[ ]
(6, 3)	5	0.77	2	[ ]
(5, 3)	5	0.77	2	[ ]
(9, 6)	7	0.77	2	[ ]
(7, 5)	7	0.77	2	[ ]
(7, 8)	2	0.77	2	[ ]
(16, 14)	10	0.77	2	[ ]
(14, 12)	5	0.77	2	[ ]
(11, 10)	14	0.77	2	[ ]
(16, 15)	2	0.77	2	[ ]
(2, 4)	2	0.77	2	[ ]
(2, 3)	5	0.77	2	[ ]
(1, 2)	7	0.77	2	[ ]
(13, 16)	8	0.77	2	[ ]


****** 5 ******
(12, 13)	15	0.73	2	[ ]
(17, 16)	3	0.73	2	[ ]
(8, 13)	4	0.73	2	[ ]
(4, 9)	4	0.73	2	[ ]
(10, 9)	7	0.73	2	[ ]
(8, 6)	4	0.73	2	[ ]
(6, 3)	5	0.73	2	[ ]
(5, 3)	5	0.73	2	[ ]
(7, 5)	7	0.73	2	[ ]
(9, 6)	7	0.73	2	[ ]
(7, 8)	2	0.73	2	[ ]
(14, 12)	5	0.73	2	[ ]
(16, 14)	10	0.73	2	[ ]
(11, 10)	14	0.73	2	[ ]
(16, 15)	2	0.73	2	[ ]
(2, 4)	2	0.73	2	[ ]
(2, 3)	5	0.73	2	[ ]
(1, 2)	7	0.73	2	[ ]
(13, 16)	8	0.73	2	[ ]


****** 6 ******
(12, 13)	15	0.69	2	[ ]
(17, 16)	3	0.69	2	[ ]
(8, 13)	4	0.69	2	[ ]
(4, 9)	4	0.69	2	[ ]
(10, 9)	7	0.69	2	[ ]
(6, 3)	5	0.69	2	[ ]
(8, 6)	4	0.69	2	[ ]
(5, 3)	5	0.69	2	[ ]
(7, 5)	7	0.69	2	[ ]
(9, 6)	7	0.69	2	[ ]
(7, 8)	2	0.69	2	[ ]
(16, 14)	10	0.69	2	[ ]
(14, 12)	5	0.69	2	[ ]
(16, 15)	2	0.69	2	[ ]
(11, 10)	14	0.69	2	[ ]
(2, 4)	2	0.69	2	[ ]
(2, 3)	5	0.69	2	[ ]
(13, 16)	8	0.69	2	[ ]
(1, 2)	7	0.69	2	[ ]


****** 7 ******
(12, 13)	15	0.65	2	[ ]
(17, 16)	3	0.65	2	[ ]
(8, 13)	4	0.65	2	[ ]
(4, 9)	4	0.65	2	[ ]
(10, 9)	7	0.65	2	[ ]
(6, 3)	5	0.65	2	[ ]
(8, 6)	4	0.65	2	[ ]
(5, 3)	5	0.65	2	[ ]
(9, 6)	7	0.65	2	[ ]
(7, 5)	7	0.65	2	[ ]
(7, 8)	2	0.65	2	[ ]
(16, 14)	10	0.65	2	[ ]
(14, 12)	5	0.65	2	[ ]
(11, 10)	14	0.65	2	[ ]
(16, 15)	2	0.65	2	[ ]
(2, 4)	2	0.65	2	[ ]
(2, 3)	5	0.65	2	[ ]
(13, 16)	8	0.65	2	[ ]
(1, 2)	7	0.65	2	[ ]


****** 8 ******
(12, 13)	15	0.61	2	[ ]
(17, 16)	3	0.61	2	[ ]
(8, 13)	4	0.61	2	[ ]
(4, 9)	4	0.61	2	[ ]
(10, 9)	7	0.61	2	[ ]
(8, 6)	4	0.61	2	[ ]
(6, 3)	5	0.61	2	[ ]
(5, 3)	5	0.61	2	[ ]
(7, 5)	7	0.61	2	[ ]
(9, 6)	7	0.61	2	[ ]
(7, 8)	2	0.61	2	[ ]
(14, 12)	5	0.61	2	[ ]
(16, 14)	10	0.61	2	[ ]
(11, 10)	14	0.61	2	[ ]
(16, 15)	2	0.61	2	[ ]
(2, 4)	2	0.61	2	[ ]
(2, 3)	5	0.61	2	[ ]
(13, 16)	8	0.61	2	[ ]
(1, 2)	7	0.61	2	[ ]


****** 9 ******
(12, 13)	15	0.57	2	[ ]
(17, 16)	3	0.57	2	[ ]
(8, 13)	4	0.57	2	[ ]
(4, 9)	4	0.57	2	[ ]
(10, 9)	7	0.57	2	[ ]
(6, 3)	5	0.57	2	[ ]
(8, 6)	4	0.57	2	[ ]
(5, 3)	5	0.57	2	[ ]
(9, 6)	7	0.57	2	[ ]
(7, 5)	7	0.57	2	[ ]
(7, 8)	2	0.57	2	[ ]
(14, 12)	5	0.57	2	[ ]
(16, 14)	10	0.57	2	[ ]
(11, 10)	14	0.57	2	[ ]
(16, 15)	2	0.57	2	[ ]
(2, 4)	2	0.57	2	[ ]
(2, 3)	5	0.57	2	[ ]
(1, 2)	7	0.57	2	[ ]
(13, 16)	8	0.57	2	[ ]


****** 10 ******
(12, 13)	15	0.52	2	[ ]
(17, 16)	3	0.52	2	[ ]
(8, 13)	4	0.52	2	[ ]
(4, 9)	4	0.52	2	[ ]
(10, 9)	7	0.52	2	[ ]
(8, 6)	4	0.52	2	[ ]
(6, 3)	5	0.52	2	[ ]
(5, 3)	5	0.52	2	[ ]
(7, 5)	7	0.52	2	[ ]
(9, 6)	7	0.52	2	[ ]
(7, 8)	2	0.52	2	[ ]
(16, 14)	10	0.52	2	[ ]
(14, 12)	5	0.52	2	[ ]
(16, 15)	2	0.52	2	[ ]
(11, 10)	14	0.52	2	[ ]
(2, 4)	2	0.52	2	[ ]
(2, 3)	5	0.52	2	[ ]
(13, 16)	8	0.52	2	[ ]
(1, 2)	7	0.52	2	[ ]


****** 0 ******


****** 1 ******
(12, 13)	15	0.89	2	[ ]
(17, 16)	3	0.89	2	[ ]
(8, 13)	4	0.89	2	[ ]
(4, 9)	4	0.89	2	[ ]
(10, 9)	7	0.89	2	[ ]
(8, 6)	4	0.89	2	[ ]
(6, 3)	5	0.89	2	[ ]
(5, 3)	5	0.89	2	[ ]
(9, 6)	7	0.89	2	[ ]
(7, 5)	7	0.89	2	[ ]
(7, 8)	2	0.89	2	[ ]
(14, 12)	5	0.89	2	[ ]
(16, 14)	10	0.89	2	[ ]
(16, 15)	2	0.89	2	[ ]
(11, 10)	14	0.89	2	[ ]
(2, 4)	2	0.89	2	[ ]
(2, 3)	5	0.89	2	[ ]
(1, 2)	7	0.89	2	[ ]
(13, 16)	8	0.89	2	[ ]


****** 2 ******
(12, 13)	15	0.85	2	[ ]
(17, 16)	3	0.85	2	[ ]
(8, 13)	4	0.85	2	[ ]
(4, 9)	4	0.85	2	[ ]
(10, 9)	7	0.85	2	[ ]
(8, 6)	4	0.85	2	[ ]
(6, 3)	5	0.85	2	[ ]
(5, 3)	5	0.85	2	[ ]
(7, 5)	7	0.85	2	[ ]
(9, 6)	7	0.85	2	[ ]
(7, 8)	2	0.85	2	[ ]
(16, 14)	10	0.85	2	[ ]
(14, 12)	5	0.85	2	[ ]
(16, 15)	2	0.85	2	[ ]
(11, 10)	14	0.85	2	[ ]
(2, 4)	2	0.85	2	[ ]
(2, 3)	5	0.85	2	[ ]
(13, 16)	8	0.85	2	[ ]
(1, 2)	7	0.85	2	[ ]


****** 3 ******
(12, 13)	15	0.81	2	[ ]
(17, 16)	3	0.81	2	[ ]
(8, 13)	4	0.81	2	[ ]
(4, 9)	4	0.81	2	[ ]
(10, 9)	7	0.81	2	[ ]
(8, 6)	4	0.81	2	[ ]
(6, 3)	5	0.81	2	[ ]
(5, 3)	5	0.81	2	[ ]
(7, 5)	7	0.81	2	[ ]
(9, 6)	7	0.81	2	[ ]
(7, 8)	2	0.81	2	[ ]
(16, 14)	10	0.81	2	[ ]
(14, 12)	5	0.81	2	[ ]
(11, 10)	14	0.81	2	[ ]
(16, 15)	2	0.81	2	[ ]
(2, 4)	2	0.81	2	[ ]
(2, 3)	5	0.81	2	[ ]
(1, 2)	7	0.81	2	[ ]
(13, 16)	8	0.81	2	[ ]


****** 4 ******


****** 5 ******
(12, 13)	15	0.77	2	[ ]
(17, 16)	3	0.77	2	[ ]
(8, 13)	4	0.77	2	[ ]
(4, 9)	4	0.77	2	[ ]
(10, 9)	7	0.77	2	[ ]
(8, 6)	4	0.77	2	[ ]
(6, 3)	5	0.77	2	[ ]
(5, 3)	5	0.77	2	[ ]
(9, 6)	7	0.77	2	[ ]
(7, 5)	7	0.77	2	[ ]
(7, 8)	2	0.77	2	[ ]
(16, 14)	10	0.77	2	[ ]
(14, 12)	5	0.77	2	[ ]
(11, 10)	14	0.77	2	[ ]
(16, 15)	2	0.77	2	[ ]
(2, 4)	2	0.77	2	[ ]
(2, 3)	5	0.77	2	[ ]
(1, 2)	7	0.77	2	[ ]
(13, 16)	8	0.77	2	[ ]


****** 6 ******
(12, 13)	15	0.73	2	[ ]
(17, 16)	3	0.73	2	[ ]
(8, 13)	4	0.73	2	[ ]
(4, 9)	4	0.73	2	[ ]
(10, 9)	7	0.73	2	[ ]
(8, 6)	4	0.73	2	[ ]
(6, 3)	5	0.73	2	[ ]
(5, 3)	5	0.73	2	[ ]
(7, 5)	7	0.73	2	[ ]
(9, 6)	7	0.73	2	[ ]
(7, 8)	2	0.73	2	[ ]
(14, 12)	5	0.73	2	[ ]
(16, 14)	10	0.73	2	[ ]
(11, 10)	14	0.73	2	[ ]
(16, 15)	2	0.73	2	[ ]
(2, 4)	2	0.73	2	[ ]
(2, 3)	5	0.73	2	[ ]
(1, 2)	7	0.73	2	[ ]
(13, 16)	8	0.73	2	[ ]


****** 7 ******
(12, 13)	15	0.69	2	[ ]
(17, 16)	3	0.69	2	[ ]
(8, 13)	4	0.69	2	[ ]
(4, 9)	4	0.69	2	[ ]
(10, 9)	7	0.69	2	[ ]
(6, 3)	5	0.69	2	[ ]
(8, 6)	4	0.69	2	[ ]
(5, 3)	5	0.69	2	[ ]
(7, 5)	7	0.69	2	[ ]
(9, 6)	7	0.69	2	[ ]
(7, 8)	2	0.69	2	[ ]
(16, 14)	10	0.69	2	[ ]
(14, 12)	5	0.69	2	[ ]
(16, 15)	2	0.69	2	[ ]
(11, 10)	14	0.69	2	[ ]
(2, 4)	2	0.69	2	[ ]
(2, 3)	5	0.69	2	[ ]
(13, 16)	8	0.69	2	[ ]
(1, 2)	7	0.69	2	[ ]


****** 8 ******
(12, 13)	15	0.65	2	[ ]
(17, 16)	3	0.65	2	[ ]
(8, 13)	4	0.65	2	[ ]
(4, 9)	4	0.65	2	[ ]
(10, 9)	7	0.65	2	[ ]
(6, 3)	5	0.65	2	[ ]
(8, 6)	4	0.65	2	[ ]
(5, 3)	5	0.65	2	[ ]
(9, 6)	7	0.65	2	[ ]
(7, 5)	7	0.65	2	[ ]
(7, 8)	2	0.65	2	[ ]
(16, 14)	10	0.65	2	[ ]
(14, 12)	5	0.65	2	[ ]
(11, 10)	14	0.65	2	[ ]
(16, 15)	2	0.65	2	[ ]
(2, 4)	2	0.65	2	[ ]
(2, 3)	5	0.65	2	[ ]
(13, 16)	8	0.65	2	[ ]
(1, 2)	7	0.65	2	[ ]


****** 9 ******
(12, 13)	15	0.61	2	[ ]
(17, 16)	3	0.61	2	[ ]
(8, 13)	4	0.61	2	[ ]
(4, 9)	4	0.61	2	[ ]
(10, 9)	7	0.61	2	[ ]
(8, 6)	4	0.61	2	[ ]
(6, 3)	5	0.61	2	[ ]
(5, 3)	5	0.61	2	[ ]
(7, 5)	7	0.61	2	[ ]
(9, 6)	7	0.61	2	[ ]
(7, 8)	2	0.61	2	[ ]
(14, 12)	5	0.61	2	[ ]
(16, 14)	10	0.61	2	[ ]
(11, 10)	14	0.61	2	[ ]
(16, 15)	2	0.61	2	[ ]
(2, 4)	2	0.61	2	[ ]
(2, 3)	5	0.61	2	[ ]
(13, 16)	8	0.61	2	[ ]
(1, 2)	7	0.61	2	[ ]


****** 10 ******
(12, 13)	15	0.57	2	[ ]
(17, 16)	3	0.57	2	[ ]
(8, 13)	4	0.57	2	[ ]
(4, 9)	4	0.57	2	[ ]
(10, 9)	7	0.57	2	[ ]
(6, 3)	5	0.57	2	[ ]
(8, 6)	4	0.57	2	[ ]
(5, 3)	5	0.57	2	[ ]
(9, 6)	7	0.57	2	[ ]
(7, 5)	7	0.57	2	[ ]
(7, 8)	2	0.57	2	[ ]
(14, 12)	5	0.57	2	[ ]
(16, 14)	10	0.57	2	[ ]
(11, 10)	14	0.57	2	[ ]
(16, 15)	2	0.57	2	[ ]
(2, 4)	2	0.57	2	[ ]
(2, 3)	5	0.57	2	[ ]
(1, 2)	7	0.57	2	[ ]
(13, 16)	8	0.57	2	[ ]


****** 11 ******
(12, 13)	15	0.52	2	[ ]
(17, 16)	3	0.52	2	[ ]
(8, 13)	4	0.52	2	[ ]
(4, 9)	4	0.52	2	[ ]
(10, 9)	7	0.52	2	[ ]
(8, 6)	4	0.52	2	[ ]
(6, 3)	5	0.52	2	[ ]
(5, 3)	5	0.52	2	[ ]
(7, 5)	7	0.52	2	[ ]
(9, 6)	7	0.52	2	[ ]
(7, 8)	2	0.52	2	[ ]
(16, 14)	10	0.52	2	[ ]
(14, 12)	5	0.52	2	[ ]
(16, 15)	2	0.52	2	[ ]
(11, 10)	14	0.52	2	[ ]
(2, 4)	2	0.52	2	[ ]
(2, 3)	5	0.52	2	[ ]
(13, 16)	8	0.52	2	[ ]
(1, 2)	7	0.52	2	[ ]


****** 0 ******


****** 1 ******
(12, 13)	15	0.89	2	[ ]
(17, 16)	3	0.89	2	[ ]
(8, 13)	4	0.89	2	[ ]
(4, 9)	4	0.89	2	[ ]
(10, 9)	7	0.89	2	[ ]
(8, 6)	4	0.89	2	[ ]
(6, 3)	5	0.89	2	[ ]
(5, 3)	5	0.89	2	[ ]
(9, 6)	7	0.89	2	[ ]
(7, 5)	7	0.89	2	[ ]
(7, 8)	2	0.89	2	[ ]
(14, 12)	5	0.89	2	[ ]
(16, 14)	10	0.89	2	[ ]
(16, 15)	2	0.89	2	[ ]
(11, 10)	14	0.89	2	[ ]
(2, 4)	2	0.89	2	[ ]
(2, 3)	5	0.89	2	[ ]
(1, 2)	7	0.89	2	[ ]
(13, 16)	8	0.89	2	[ ]


****** 2 ******
(12, 13)	15	0.85	2	[ ]
(17, 16)	3	0.85	2	[ ]
(8, 13)	4	0.85	2	[ ]
(4, 9)	4	0.85	2	[ ]
(10, 9)	7	0.85	2	[ ]
(8, 6)	4	0.85	2	[ ]
(6, 3)	5	0.85	2	[ ]
(5, 3)	5	0.85	2	[ ]
(7, 5)	7	0.85	2	[ ]
(9, 6)	7	0.85	2	[ ]
(7, 8)	2	0.85	2	[ ]
(16, 14)	10	0.85	2	[ ]
(14, 12)	5	0.85	2	[ ]
(16, 15)	2	0.85	2	[ ]
(11, 10)	14	0.85	2	[ ]
(2, 4)	2	0.85	2	[ ]
(2, 3)	5	0.85	2	[ ]
(13, 16)	8	0.85	2	[ ]
(1, 2)	7	0.85	2	[ ]


****** 3 ******
(12, 13)	15	0.81	2	[ ]
(17, 16)	3	0.81	2	[ ]
(8, 13)	4	0.81	2	[ ]
(4, 9)	4	0.81	2	[ ]
(10, 9)	7	0.81	2	[ ]
(8, 6)	4	0.81	2	[ ]
(6, 3)	5	0.81	2	[ ]
(5, 3)	5	0.81	2	[ ]
(7, 5)	7	0.81	2	[ ]
(9, 6)	7	0.81	2	[ ]
(7, 8)	2	0.81	2	[ ]
(16, 14)	10	0.81	2	[ ]
(14, 12)	5	0.81	2	[ ]
(11, 10)	14	0.81	2	[ ]
(16, 15)	2	0.81	2	[ ]
(2, 4)	2	0.81	2	[ ]
(2, 3)	5	0.81	2	[ ]
(1, 2)	7	0.81	2	[ ]
(13, 16)	8	0.81	2	[ ]


****** 4 ******
(12, 13)	15	0.77	2	[ ]
(17, 16)	3	0.77	2	[ ]
(8, 13)	4	0.77	2	[ ]
(4, 9)	4	0.77	2	[ ]
(10, 9)	7	0.77	2	[ ]
(8, 6)	4	0.77	2	[ ]
(6, 3)	5	0.77	2	[ ]
(5, 3)	5	0.77	2	[ ]
(9, 6)	7	0.77	2	[ ]
(7, 5)	7	0.77	2	[ ]
(7, 8)	2	0.77	2	[ ]
(16, 14)	10	0.77	2	[ ]
(14, 12)	5	0.77	2	[ ]
(11, 10)	14	0.77	2	[ ]
(16, 15)	2	0.77	2	[ ]
(2, 4)	2	0.77	2	[ ]
(2, 3)	5	0.77	2	[ ]
(1, 2)	7	0.77	2	[ ]
(13, 16)	8	0.77	2	[ ]


****** 5 ******
(12, 13)	15	0.73	2	[ ]
(17, 16)	3	0.73	2	[ ]
(8, 13)	4	0.73	2	[ ]
(4, 9)	4	0.73	2	[ ]
(10, 9)	7	0.73	2	[ ]
(8, 6)	4	0.73	2	[ ]
(6, 3)	5	0.73	2	[ ]
(5, 3)	5	0.73	2	[ ]
(7, 5)	7	0.73	2	[ ]
(9, 6)	7	0.73	2	[ ]
(7, 8)	2	0.73	2	[ ]
(14, 12)	5	0.73	2	[ ]
(16, 14)	10	0.73	2	[ ]
(11, 10)	14	0.73	2	[ ]
(16, 15)	2	0.73	2	[ ]
(2, 4)	2	0.73	2	[ ]
(2, 3)	5	0.73	2	[ ]
(1, 2)	7	0.73	2	[ ]
(13, 16)	8	0.73	2	[ ]


****** 6 ******
(12, 13)	15	0.69	2	[ ]
(17, 16)	3	0.69	2	[ ]
(8, 13)	4	0.69	2	[ ]
(4, 9)	4	0.69	2	[ ]
(10, 9)	7	0.69	2	[ ]
(6, 3)	5	0.69	2	[ ]
(8, 6)	4	0.69	2	[ ]
(5, 3)	5	0.69	2	[ ]
(7, 5)	7	0.69	2	[ ]
(9, 6)	7	0.69	2	[ ]
(7, 8)	2	0.69	2	[ ]
(16, 14)	10	0.69	2	[ ]
(14, 12)	5	0.69	2	[ ]
(16, 15)	2	0.69	2	[ ]
(11, 10)	14	0.69	2	[ ]
(2, 4)	2	0.69	2	[ ]
(2, 3)	5	0.69	2	[ ]
(13, 16)	8	0.69	2	[ ]
(1, 2)	7	0.69	2	[ ]


****** 7 ******
(12, 13)	15	0.65	2	[ ]
(17, 16)	3	0.65	2	[ ]
(8, 13)	4	0.65	2	[ ]
(4, 9)	4	0.65	2	[ ]
(10, 9)	7	0.65	2	[ ]
(6, 3)	5	0.65	2	[ ]
(8, 6)	4	0.65	2	[ ]
(5, 3)	5	0.65	2	[ ]
(9, 6)	7	0.65	2	[ ]
(7, 5)	7	0.65	2	[ ]
(7, 8)	2	0.65	2	[ ]
(16, 14)	10	0.65	2	[ ]
(14, 12)	5	0.65	2	[ ]
(11, 10)	14	0.65	2	[ ]
(16, 15)	2	0.65	2	[ ]
(2, 4)	2	0.65	2	[ ]
(2, 3)	5	0.65	2	[ ]
(13, 16)	8	0.65	2	[ ]
(1, 2)	7	0.65	2	[ ]


****** 8 ******
(12, 13)	15	0.61	2	[ ]
(17, 16)	3	0.61	2	[ ]
(8, 13)	4	0.61	2	[ ]
(4, 9)	4	0.61	2	[ ]
(10, 9)	7	0.61	2	[ ]
(8, 6)	4	0.61	2	[ ]
(6, 3)	5	0.61	2	[ ]
(5, 3)	5	0.61	2	[ ]
(7, 5)	7	0.61	2	[ ]
(9, 6)	7	0.61	2	[ ]
(7, 8)	2	0.61	2	[ ]
(14, 12)	5	0.61	2	[ ]
(16, 14)	10	0.61	2	[ ]
(11, 10)	14	0.61	2	[ ]
(16, 15)	2	0.61	2	[ ]
(2, 4)	2	0.61	2	[ ]
(2, 3)	5	0.61	2	[ ]
(13, 16)	8	0.61	2	[ ]
(1, 2)	7	0.61	2	[ ]


****** 9 ******
(12, 13)	15	0.57	2	[ ]
(17, 16)	3	0.57	2	[ ]
(8, 13)	4	0.57	2	[ ]
(4, 9)	4	0.57	2	[ ]
(10, 9)	7	0.57	2	[ ]
(6, 3)	5	0.57	2	[ ]
(8, 6)	4	0.57	2	[ ]
(5, 3)	5	0.57	2	[ ]
(9, 6)	7	0.57	2	[ ]
(7, 5)	7	0.57	2	[ ]
(7, 8)	2	0.57	2	[ ]
(14, 12)	5	0.57	2	[ ]
(16, 14)	10	0.57	2	[ ]
(11, 10)	14	0.57	2	[ ]
(16, 15)	2	0.57	2	[ ]
(2, 4)	2	0.57	2	[ ]
(2, 3)	5	0.57	2	[ ]
(1, 2)	7	0.57	2	[ ]
(13, 16)	8	0.57	2	[ ]


****** 10 ******
(12, 13)	15	0.52	2	[ ]
(17, 16)	3	0.52	2	[ ]
(8, 13)	4	0.52	2	[ ]
(4, 9)	4	0.52	2	[ ]
(10, 9)	7	0.52	2	[ ]
(8, 6)	4	0.52	2	[ ]
(6, 3)	5	0.52	2	[ ]
(5, 3)	5	0.52	2	[ ]
(7, 5)	7	0.52	2	[ ]
(9, 6)	7	0.52	2	[ ]
(7, 8)	2	0.52	2	[ ]
(16, 14)	10	0.52	2	[ ]
(14, 12)	5	0.52	2	[ ]
(16, 15)	2	0.52	2	[ ]
(11, 10)	14	0.52	2	[ ]
(2, 4)	2	0.52	2	[ ]
(2, 3)	5	0.52	2	[ ]
(13, 16)	8	0.52	2	[ ]
(1, 2)	7	0.52	2	[ ]


****** 11 ******
(12, 13)	15	0.48	2	[ 1 2 ]
(17, 16)	3	0.48	2	[ 1 2 ]
(8, 13)	4	0.48	2	[ 1 2 ]
(4, 9)	4	0.48	2	[ 1 2 ]
(10, 9)	7	0.48	2	[ 1 2 ]
(6, 3)	5	0.48	2	[ 1 2 ]
(8, 6)	4	0.48	2	[ 1 2 ]
(5, 3)	5	0.48	2	[ 1 2 ]
(9, 6)	7	0.48	2	[ 1 2 ]
(7, 5)	7	0.48	2	[ 1 2 ]
(7, 8)	2	0.48	2	[ 1 2 ]
(14, 12)	5	0.48	2	[ 1 2 ]
(16, 14)	10	0.48	2	[ 1 2 ]
(16, 15)	2	0.48	2	[ 1 2 ]
(11, 10)	14	0.48	2	[ 1 2 ]
(2, 4)	2	0.48	2	[ 1 2 ]
(2, 3)	5	0.48	2	[ 1 2 ]
(1, 2)	7	0.48	2	[ 1 2 ]
(13, 16)	8	0.48	2	[ 1 2 ]
